				就业率
年份    本科毕业生人数	非师范专业	就业率	 非师范生就业率
	
2015	  2127 		    1707		98.87%	        98.59%

2016	  2156		    1701		98.89%	        98.59%

2017	  2455		    2017		99.31%	        98.46%

2018	  2048		    1701		98.11%	        97.71%

2019	  2042		    1701		98.39%	        98.04%

####

			      非师范生毕业去向（人数）
年份	    签约		国内升学		出国（境）	灵活就业		待就业

2015	    261		   707		   265		    450		   24

2016	    235		   737		   296		    409		   24

2017	    223		   872		   386		    519		   17

2018	    235		   737		   296		    409		   24

2019	    169		   889		   403		    541		   40

####

			      非师范生毕业去向（百分数）
年份	    签约		国内升学		出国（境）	灵活就业		待就业

2015	    15.29%		41.42%		15.52%		26.36%		1.41%

2016	    13.82%		43.33%		17.40%		24.04%		1.42%

2017	    11.06%		43.23%		19.14%		25.73%		 0.84%

2018	    13.82%		43.33%		17.40%		24.04%		 1.42%

2019	    8.28%		 43.54%		19.73%		26.49%		 1.96%

####
  
		就业市场
年份	    教育科研类	华北地区		
2015	    52.3%		   68.1%			

2016	    67%		   51%

2017	    67%		   46%

2018	    65%		   50%

2019	    67%		   49%

####
  
		非师范生签约单位性质
年份	    中初教育单位	高等教育单位	国有企业	机关	三资企业	民营企业	其他事业单位	部队	其他		
2015	    49.04%		   1.15%		21.84%	11.88%	4.98%	9.20%	1.92%		-	-

2016	    36.60%		   -		13.19%	9.36%	2.55%	20.43%	7.24%		10.64%	-

2017	    43.50%		   0.90%		12.11%	4.48%	3.14%	23.32%	11.21%		0.90%	0.45%

2018	    47.35%		   -		11.02%	4.49%	4.08%	24.90%	7.76%		-	0.41%

2019	    43.79%		   -		12.43%	8.88%	7.10%	24.85%	2.37%		-	0.59%

####

		非师范生签约单位所属行业
年份	    教育科研	金融/银行/保险	政府/非盈利机构	IT/互联网/通信/电子	     广告/传媒/印刷出版	房地产/建筑建设/物业	加工制造/仪表设备	消费零售/贸易/交通物流	能源矿工/石油化工	  部队	管理咨询	其他

2015	    57.09%		10.34%		9.20%		6.51%			6.13%			5.75%		2.30%			1.92%		        0.77%	-	-	-

2016	    46.38%		 5.11%		13.62%		7.23%			5.11%			2.13%		1.28%			2.98%		        -		10.64%	5.11%	0.43%

2017	    51.57%		 8.52%		12.56%		4.48%			7.17%			4.48%		0.45%			2.69%		        0.45%	 0.90%	6.73%	-

2018	    58.78%		 8.57%		6.12%		9.80%			3.67%			4.08%		1.63%			3.27%		        0.41%	-	4.08%	-	-

2019	    47.93%		 10.65%		12.43%		14.20%			4.73%			2.37%		1.78%			2.37%		        -		-	3.55%	-

####

		各学院本科毕业生就业率
年份	地理科学与遥感科学学院	法学院	化学学院	    环境学院	教育学部	经济与工商管理	历史学院	生命科学学院	数学科学学院	体育与运动学院	天文系	外国语文学学院	文学院	物理学院	心理学院	信息科学技术学院	艺术与传媒学院	       哲学		社会科学	政府管理学院	资源学院	    总计

2015	    96.25%		   	100.00%	 100.00%	    100.00%	99.09%	    95.48%		100.00%	    100.00%	    95.43%		     100.00%	100.00%	     100.00%	100.00%	100.00%	97.17%	    100.00%	     100.00%	    100.00%	100.00%	    100.00%	 100.00%	    98.87%

2016	    98.48%		   	94.55%	 100.00%	    98.46%		98.51%	    99.45%		100.00%	    100.00%	    97.97%		     97.87%	100.00%	     100.00%	100.00%	100.00%	98.02%	    100.00%	     100.00%	    100.00%	100.00%	    92.71%		 100.00%	    98.89%

2017	    98.13%		   	100.00%	 99.39%	    100.00%	98.41%	    99.18%		100.00%	    100.00%	    100.00%	     100.00%	96.00%	     100.00%	99.61%	98.59%	97.50%	    98.81%		     100.00%	    96.88%		100.00%	    100.00%	  -	    99.31%

2018	    96.55%		   	100.00%	 100.00%	    100.00%	91.61%	    100.00%	100.00%	    100.00%	    100.00%	     100.00%	100.00%	     99.32%	100.00%	98.74%	81.08%	    96.84%		     100.00%	     96.92%		    100.00%       99.17%	  -	    98.11%

2019	    100.00%	   	94.39%	 100.00%	    96.72%		96.32%	    100.00%	100.00%	    100.00%	    100.00%	     100.00%	100.00%	     100.00%	100.00%	94.67%	96.43%	    100.00%	     100.00%	    100.00%	100.00%	    100.00%	  -	    98.39%
